Best Average:1.0000016666666667

Best C:0.001

Best Gamma:0.001

Best TPR:
input	TP	FN	fifo	TP	FN	output	TP	FN	arbiter	TP	FN
1.00,7	29	0	1.00,29	29	0	1.00,11	30	0	1.00,7	32	0	
1.00,7	27	0	1.00,29	31	0	1.00,11	31	0	1.00,7	29	0	
1.00,5	20	0	1.00,27	20	0	1.00,9	19	0	1.00,5	18	0	
1.00,4	32	0	1.00,26	29	0	1.00,8	28	0	1.00,4	23	0	
1.00,2	18	0	1.00,24	19	0	1.00,6	16	0	1.00,2	15	0	
1.00,2	15	0	1.00,24	15	0	1.00,6	15	0	1.00,2	11	0	


Best TNR:
input	fifo	output	arbiter
0.00	0.00	0.00	0.00	
0.00	0.00	0.00	0.00	
0.00	0.00	0.00	0.00	
0.00	0.00	0.00	0.00	
0.00	0.00	0.00	0.00	
0.00	0.00	0.00	0.00	

