TPR Table:

input   fifo    output  arbiter
1.00    0.33    0.50    0.71    
0.62    0.23    0.50    0.18    
0.72    0.34    0.54    0.50    
0.61    0.21    0.29    0.30    
0.70    0.28    0.31    0.43    
0.71    0.24    0.30    0.35    
0.68    0.31    0.50    0.42    
0.88    0.28    0.45    0.33    




TNR Table:

input   fifo    output  arbiter
0.05    0.52    0.16    0.15    
0.10    0.43    0.27    0.30    
0.08    0.52    0.28    0.13    
0.15    0.53    0.35    0.35    
0.13    0.67    0.39    0.33    
0.09    0.70    0.30    0.31    
0.07    0.50    0.34    0.27    
0.06    0.68    0.34    0.40    


------------------------------
TPR Table:

input   fifo    output  arbiter
1.00,2  0.20,24 0.50,6  0.62,2  
0.68,3  0.21,25 0.56,7  0.23,3  
0.75,4  0.31,26 0.50,8  0.50,4  
0.53,6  0.21,28 0.31,10 0.30,6  
0.61,6  0.19,28 0.39,10 0.41,6  
0.70,4  0.19,26 0.33,8  0.37,4  
0.66,7  0.26,29 0.53,11 0.42,7  
0.85,5  0.25,27 0.46,9  0.38,5  




TNR Table:

input   fifo    output  arbiter
0.05    0.57    0.17    0.16    
0.09    0.45    0.28    0.30    
0.08    0.52    0.27    0.20    
0.19    0.54    0.35    0.35    
0.13    0.68    0.38    0.31    
0.06    0.70    0.32    0.35    
0.07    0.55    0.31    0.20    
0.07    0.71    0.38    0.33    


-------------------------------------

TPR Table:

input   TP  FN  fifo    TP  FN  output  TP  FN  arbiter TP  FN
1.00,2  4   0   0.20,24 1   4   0.50,6  2   2   0.57,2  4   3   
0.68,3  19  9   0.15,25 4   22  0.56,7  14  11  0.22,3  5   18  
0.72,4  26  10  0.34,26 12  23  0.52,8  17  16  0.48,4  16  17  
0.53,6  16  14  0.21,28 6   23  0.30,10 9   21  0.33,6  8   16  
0.68,6  21  10  0.25,28 8   24  0.40,10 12  18  0.41,6  11  16  
0.74,4  17  6   0.24,26 5   16  0.21,8  4   15  0.35,4  7   13  
0.74,7  25  9   0.30,29 10  23  0.52,11 15  14  0.34,7  10  19  
0.88,5  22  3   0.24,27 6   19  0.45,9  10  12  0.32,5  7   15  




TNR Table:

input   fifo    output  arbiter
0.05    0.60    0.17    0.15    
0.09    0.40    0.27    0.32    
0.08    0.46    0.27    0.21    
0.19    0.59    0.32    0.30    
0.13    0.73    0.40    0.31    
0.10    0.70    0.32    0.31    
0.07    0.52    0.36    0.29    
0.06    0.71    0.34    0.35

